10101.000000000000000000 0.000000000000000000 0.000000000000000000 0.000000000000000000 0.000066022200000000 0.000000000000000000 0.001048690000000000
10102.000000000000000000 0.000000000000000000 0.000000000000000000 0.000000000000000000 0.000066020200000000 0.000000000000000000 0.000717837000000000
10201.000000000000000000 -0.346019000000000021 -0.037170799999999997 0.000000000001892760 -0.000132277000000000 0.000000000000000010 -0.000364169000000000
10202.000000000000000000 -0.346019000000000021 -0.046123299999999999 0.000000000001890460 -0.000132279000000000 0.000000000000000010 0.000292151000000000
10301.000000000000000000 -0.096682500000000005 -0.065256700000000001 0.000000000002243620 -0.000111464000000000 0.000000000000000018 -0.000539254000000000
10302.000000000000000000 -0.096682500000000005 -0.083174100000000001 0.000000000002239320 -0.000111466000000000 0.000000000000000018 -0.000001962400000000
10401.000000000000000000 0.498846999999999985 -0.085768399999999995 0.000000000002077860 -0.000113911000000000 0.000000000000000025 -0.000631202000000000
10402.000000000000000000 0.498846999999999985 -0.109904000000000002 0.000000000002071890 -0.000113913000000000 0.000000000000000025 -0.000079338000000000
10501.000000000000000000 1.008170000000000011 -0.099141400000000005 0.000000000003439450 -0.000108269000000000 0.000000000000000030 -0.000518082000000000
10502.000000000000000000 1.008170000000000011 -0.125914999999999999 0.000000000003432300 -0.000108270000000000 0.000000000000000030 -0.000002899530000000
10601.000000000000000000 1.225819999999999910 -0.104666999999999996 0.000000000004282710 -0.000157402000000000 0.000000000000000032 -0.000546776000000000
10602.000000000000000000 1.225819999999999910 -0.131980999999999987 0.000000000004275020 -0.000157403000000000 0.000000000000000032 0.000244302000000000
20101.000000000000000000 0.000000000000000000 0.000000000000000000 0.000000000000000000 -0.000066022200000000 0.000000000000000000 0.001048690000000000
20102.000000000000000000 0.000000000000000000 0.000000000000000000 0.000000000000000000 -0.000066020200000000 0.000000000000000000 0.000717837000000000
20201.000000000000000000 -0.346019000000000021 -0.037170799999999997 0.000000000001892760 0.000132277000000000 0.000000000000000010 -0.000364169000000000
20202.000000000000000000 -0.346019000000000021 -0.046123299999999999 0.000000000001890460 0.000132279000000000 0.000000000000000010 0.000292151000000000
20301.000000000000000000 -0.096682500000000005 -0.065256700000000001 0.000000000002243620 0.000111464000000000 0.000000000000000018 -0.000539254000000000
20302.000000000000000000 -0.096682500000000005 -0.083174100000000001 0.000000000002239320 0.000111466000000000 0.000000000000000018 -0.000001962400000000
20401.000000000000000000 0.498846999999999985 -0.085768399999999995 0.000000000002077860 0.000113911000000000 0.000000000000000025 -0.000631202000000000
20402.000000000000000000 0.498846999999999985 -0.109904000000000002 0.000000000002071890 0.000113913000000000 0.000000000000000025 -0.000079338000000000
20501.000000000000000000 1.008170000000000011 -0.099141400000000005 0.000000000003439450 0.000108269000000000 0.000000000000000030 -0.000518082000000000
20502.000000000000000000 1.008170000000000011 -0.125914999999999999 0.000000000003432300 0.000108270000000000 0.000000000000000030 -0.000002899530000000
20601.000000000000000000 1.225819999999999910 -0.104666999999999996 0.000000000004282710 0.000157402000000000 0.000000000000000032 -0.000546776000000000
20602.000000000000000000 1.225819999999999910 -0.131980999999999987 0.000000000004275020 0.000157403000000000 0.000000000000000032 0.000244302000000000
