20100 10101 10201
20101 10102 10202
20200 10201 10301
20201 10202 10302
20300 10301 10401
20301 10302 10402
20400 10401 10501
20401 10402 10502
20500 10501 10601
20501 10502 10602
30100 20101 20201
30101 20102 20202
30200 20201 20301
30201 20202 20302
30300 20301 20401
30301 20302 20402
30400 20401 20501
30401 20402 20502
30500 20501 20601
30501 20502 20602
1010201 10201 10202
1010301 10301 10302
1010401 10401 10402
1010501 10501 10502
1010601 10601 10602
1020201 20201 20202
1020301 20301 20302
1020401 20401 20402
1020501 20501 20502
1020601 20601 20602
2010201 10201 20201
2010202 10202 20202
2010301 10301 20301
2010302 10302 20302
2010401 10401 20401
2010402 10402 20402
2010501 10501 20501
2010502 10502 20502
2010601 10601 20601
2010602 10602 20602
