10101 0.000000 0.000000 0.000000
10102 240.000000 0.000000 0.000000
10201 0.000000 600.000000 0.000000
10202 240.000000 600.000000 0.000000
10301 0.000000 1200.000000 0.000000
10302 240.000000 1200.000000 0.000000
10401 0.000000 1800.000000 0.000000
10402 240.000000 1800.000000 0.000000
10501 0.000000 2400.000000 0.000000
10502 240.000000 2400.000000 0.000000
10601 0.000000 3000.000000 0.000000
10602 240.000000 3000.000000 0.000000
20101 0.000000 0.000000 240.000000
20102 240.000000 0.000000 240.000000
20201 0.000000 600.000000 240.000000
20202 240.000000 600.000000 240.000000
20301 0.000000 1200.000000 240.000000
20302 240.000000 1200.000000 240.000000
20401 0.000000 1800.000000 240.000000
20402 240.000000 1800.000000 240.000000
20501 0.000000 2400.000000 240.000000
20502 240.000000 2400.000000 240.000000
20601 0.000000 3000.000000 240.000000
20602 240.000000 3000.000000 240.000000
